# Simple scene descriptor
# Format    : objType(;radius if Sphere);position;color;emissivecolor;materialtype;
# Material  : DIFFUSE = 1 / SPECULAR = 2 / REFLECT = 3 


SPHERE;100000;(100001,40.8,81.6);(0.9,0.1,0.1);(0,0,0);1;
SPHERE;100000;(-99901,40.8,81.6);(0.1,0.9,0.1);(0,0,0);1;
SPHERE;100000;(50,40.8,100000);(0.75,0.75,0.75);(0,0,0);1;
SPHERE;100000;(50,40.8,-99400);(1,1,1);(0,0,0);1;
SPHERE;100000;(50,100000,81.6);(0.75,0.75,0.75);(0,0,0);1;
SPHERE;100000;(50,-99918.4,81.6);(0.75,0.75,0.75);(0,0,0);1;
SPHERE;16.5;(27,16.5,47);(1,1,1);(0,0,0);1;
SPHERE;16.5;(73,16.5,78);(1,1,1);(0,0,0);1;
SPHERE;600;(50,680.83,81.6);(0,0,0);(2,1.8,1.6);1;
