# Simple scene descriptor
# Format    : objType(;radius if Sphere);position;color;emissivecolor;materialtype;
# Material  : DIFFUSE = 1 / SPECULAR = 2 / REFLECT = 3 


SPHERE;200;(-200.5,0.0,0.0);(0.9,0.1,0.1);(0,0,0);1;
SPHERE;200;(200.5,0.0,0.0);(0.1,0.9,0.1);(0,0,0);1;
SPHERE;200;(0.0,-200.4,0.0);(0.75,0.75,0.75);(0,0,0);1;
SPHERE;200;(0.0,200.4,0.0);(1.0,1.0,1.0);(0,0,0);1;
SPHERE;200;(0.0,0.0,-200.4);(0.75,0.75,0.75);(0,0,0);1;
SPHERE;200;(0.0,0.0,202.0);(0.75,0.75,0.75);(0,0,0);1;
SPHERE;0.16;(-0.25,-0.24,-0.1);(1,1,1);(0,0,0);1;
SPHERE;0.16;(0.25,-0.24,0.1);(1,1,1);(0,0,0);2;
SPHERE;10;(0.0,10.394,0.2);(0,0,0);(2,1.8,1.6);1;